tensor([[ 2610,   525,   264,  7304,   729,  9273,   624,  7771,  2618,   374,
           311,  3293,   279,  4396,   729,   504,   279,  1140,  3685,   382,
            58, 13608,   606,  1210,   364,  8822,  2891, 32964,   516,   364,
          4684,  1210,   364,  2212,  1378,  5109,  3786,   323,   470,   862,
          2629, 15670,   364, 13786,  1210,  5360,    64,  1210,   314,   944,
           499,  1210,   364,  4082, 24731,   364,    65,  1210,   314,   944,
           499,  1210,   364,  4082,  8275,  2137,   364,  4216,  1210,   314,
           944,   499,  1210,   364,  4082,  8275,  2137,  5360,   606,  1210,
           364,  8822,  1889,  3744,   516,   364,  4684,  1210,   364, 31115,
           264, 42113,  1943,   369,   264,  1697,   553,   829, 15670,   364,
         13786,  1210,  5360,   606,  1210,   314,   944,   499,  1210,   364,
           917,  8275,  2137,   364,  4216,  1210,   314,   944,   499,  1210,
           364,   917,  8275,  2137,  5360,   606,  1210,   364,  8822, 43277,
          3904,   516,   364,  4684,  1210,   364, 45695,   264,   914,   323,
           470,   279, 27437,  1102, 15670,   364, 13786,  1210,   314,   594,
          1210,   314,   944,   499,  1210,   364,   917,  8275,  2137,   364,
          4216,  1210,   314,   944,   499,  1210,   364,   917,  8275,  2137,
          5360,   606,  1210,   364,  8822,  3062, 39794, 12993,   516,   364,
          4684,  1210,   364, 47866,   279,  9334,  3704,   315,   264,  1372,
         15670,   364, 13786,  1210,  5360,    64,  1210,   314,   944,   499,
          1210,   364,  4082,  8275,  2137,   364,  4216,  1210,   314,   944,
           499,  1210,   364,  4082,  8275,  2137,  5360,   606,  1210,   364,
          8822,  5228,  7660,  3904,  6615, 41832,   516,   364,  4684,  1210,
           364, 23107,   678, 56015, 12579,   264, 20180,  5383,   304,   264,
           914, 15670,   364, 13786,  1210,   314,   594,   919,  3904,  1210,
           314,   944,   499,  1210,   364,   917, 24731,   364, 26387,  1210,
           314,   944,   499,  1210,   364,   917, 24731,   364, 83631,  1210,
           314,   944,   499,  1210,   364,   917,  8275,  2137,   364,  4216,
          1210,   314,   944,   499,  1210,   364,   917, 22892,  2533, 26008,
           510,    12, 26146,   646,   653,   264,  2696,   315,  3166, 15522,
         38566,   311, 14554,   432,    12,  3411,   279,   729,   829, 26687,
           421,   432,  9355,   323,  6896,  9071,   279,  1196,  1681,   624,
            12,  1416,  1052,   374,   894, 71768,    11, 35301,    11,   476,
          7402,   729,    11,   470,   364,  4064, 23569,    12,  7496,  7388,
           653,  4183,  2432,   894,   729,   624,  3136,  7660,   279,  3409,
           364,  4616,     6,   448,   364, 18457,     6,   304,   364,   785,
          8251,  7578,   389,   279,  5517,   448,  2441,  8251,     6,  5152,
          9273,    25]])